{
 "cells": [
  {
   "cell_type": "code",
   "execution_count": 7,
   "id": "10fbff73",
   "metadata": {},
   "outputs": [
    {
     "data": {
      "text/plain": [
       "tensor([[[0.0791, 0.1047, 0.0712, 0.1139, 0.1072, 0.0839, 0.1338, 0.0979,\n",
       "          0.0605, 0.1478],\n",
       "         [0.0686, 0.1633, 0.0778, 0.0933, 0.1025, 0.0943, 0.0824, 0.0640,\n",
       "          0.1332, 0.1205],\n",
       "         [0.0938, 0.0607, 0.0848, 0.1212, 0.1483, 0.1262, 0.1040, 0.0700,\n",
       "          0.0654, 0.1256],\n",
       "         [0.0987, 0.0839, 0.1291, 0.1457, 0.0760, 0.0962, 0.1093, 0.0841,\n",
       "          0.1192, 0.0579],\n",
       "         [0.0812, 0.1444, 0.1062, 0.1433, 0.0637, 0.1292, 0.0638, 0.0722,\n",
       "          0.0849, 0.1110]],\n",
       "\n",
       "        [[0.0730, 0.1184, 0.1316, 0.0980, 0.1182, 0.0719, 0.1108, 0.0597,\n",
       "          0.1384, 0.0800],\n",
       "         [0.0968, 0.0979, 0.1468, 0.0883, 0.0648, 0.0709, 0.1444, 0.1085,\n",
       "          0.0842, 0.0975],\n",
       "         [0.0744, 0.1143, 0.1087, 0.1079, 0.1274, 0.1170, 0.0579, 0.0740,\n",
       "          0.1417, 0.0767],\n",
       "         [0.0689, 0.0850, 0.0695, 0.0842, 0.0719, 0.0700, 0.1780, 0.1618,\n",
       "          0.1110, 0.0998],\n",
       "         [0.0639, 0.0959, 0.1478, 0.0734, 0.1170, 0.0724, 0.0625, 0.1247,\n",
       "          0.1504, 0.0921]],\n",
       "\n",
       "        [[0.0754, 0.1043, 0.0758, 0.1199, 0.1117, 0.0974, 0.1391, 0.1002,\n",
       "          0.1025, 0.0737],\n",
       "         [0.0647, 0.0954, 0.0920, 0.0828, 0.1217, 0.1013, 0.1109, 0.1153,\n",
       "          0.0825, 0.1334],\n",
       "         [0.0617, 0.1393, 0.0990, 0.1033, 0.1517, 0.0710, 0.0776, 0.0801,\n",
       "          0.1287, 0.0877],\n",
       "         [0.0801, 0.1386, 0.1284, 0.0797, 0.0782, 0.0975, 0.0754, 0.0803,\n",
       "          0.1052, 0.1365],\n",
       "         [0.0936, 0.0680, 0.1375, 0.0678, 0.1275, 0.1014, 0.1087, 0.1110,\n",
       "          0.1157, 0.0689]],\n",
       "\n",
       "        [[0.0792, 0.1409, 0.1602, 0.1039, 0.0642, 0.0956, 0.0848, 0.1108,\n",
       "          0.0953, 0.0652],\n",
       "         [0.1201, 0.0786, 0.1137, 0.1490, 0.0812, 0.0764, 0.0769, 0.0715,\n",
       "          0.0892, 0.1433],\n",
       "         [0.1322, 0.0782, 0.1156, 0.0594, 0.0602, 0.1394, 0.1373, 0.1190,\n",
       "          0.0521, 0.1068],\n",
       "         [0.0693, 0.0858, 0.0680, 0.0657, 0.1007, 0.1692, 0.1036, 0.1456,\n",
       "          0.1232, 0.0689],\n",
       "         [0.1187, 0.1275, 0.0683, 0.0870, 0.0688, 0.1480, 0.1025, 0.1084,\n",
       "          0.1038, 0.0670]]])"
      ]
     },
     "execution_count": 7,
     "metadata": {},
     "output_type": "execute_result"
    }
   ],
   "source": [
    "import torch \n",
    "# batch_size, tokens, vocab_size\n",
    "logits = torch.rand(4, 5, 10)\n",
    "probs = torch.softmax(logits, dim=-1)\n",
    "probs"
   ]
  },
  {
   "cell_type": "code",
   "execution_count": null,
   "id": "5c61c7c5",
   "metadata": {},
   "outputs": [],
   "source": []
  }
 ],
 "metadata": {
  "kernelspec": {
   "display_name": "Python 3 (ipykernel)",
   "language": "python",
   "name": "python3"
  },
  "language_info": {
   "codemirror_mode": {
    "name": "ipython",
    "version": 3
   },
   "file_extension": ".py",
   "mimetype": "text/x-python",
   "name": "python",
   "nbconvert_exporter": "python",
   "pygments_lexer": "ipython3",
   "version": "3.11.3"
  }
 },
 "nbformat": 4,
 "nbformat_minor": 5
}
